1  Michael  462085  2.2506  Jessica  302962  1.5436
2  Christopher  361250  1.7595  Ashley  301702  1.5372
3  Matthew  351477  1.7119  Emily  237133  1.2082
4  Joshua  328955  1.6022  Sarah  224000  1.1413
5  Jacob  298016  1.4515  Samantha  223913  1.1408
6  Nicholas  275222  1.3405  Amanda  190901  0.9726
7  Andrew  272600  1.3277  Brittany  190779  0.9720
8  Daniel  271734  1.3235  Elizabeth  172383  0.8783
9  Tyler  262218  1.2771  Taylor  168977  0.8609
10  Joseph  260365  1.2681  Megan  160312  0.8168
11  Brandon  259299  1.2629  Hannah  158647  0.8083
12  David  253193  1.2332  Kayla  155844  0.7940
13  James  244775  1.1922  Lauren  153530  0.7822
14  Ryan  241105  1.1743  Stephanie  149725  0.7628
15  John  239730  1.1676  Rachel  148907  0.7587
16  Zachary  225188  1.0968  Jennifer  147948  0.7538
17  Justin  220012  1.0716  Nicole  136033  0.6931
18  William  217588  1.0598  Alexis  131117  0.6680
19  Anthony  216088  1.0525  Victoria  117386  0.5981
20  Robert  205313  1.0000  Amber  115551  0.5887
21  Jonathan  197250  0.9607  Alyssa  115213  0.5870
22  Austin  190053  0.9257  Courtney  113257  0.5770
23  Alexander  183797  0.8952  Danielle  109541  0.5581
24  Kyle  180151  0.8774  Rebecca  109514  0.5580
25  Kevin  165085  0.8041  Jasmine  105247  0.5362
26  Thomas  146515  0.7136  Brianna  99046  0.5046
27  Cody  146426  0.7132  Katherine  96812  0.4933
28  Jordan  144661  0.7046  Alexandra  94743  0.4827
29  Eric  135145  0.6582  Madison  91870  0.4681
30  Benjamin  133718  0.6513  Morgan  91162  0.4645
31  Aaron  128202  0.6244  Melissa  89932  0.4582
32  Christian  125899  0.6132  Michelle  86458  0.4405
33  Samuel  125196  0.6098  Kelsey  85120  0.4337
34  Dylan  122008  0.5942  Chelsea  84781  0.4320
35  Steven  121009  0.5894  Anna  78320  0.3990
36  Brian  119216  0.5806  Kimberly  77846  0.3966
37  Jose  118843  0.5788  Tiffany  77493  0.3948
38  Timothy  107680  0.5245  Olivia  75854  0.3865
39  Nathan  107229  0.5223  Mary  75247  0.3834
40  Adam  106822  0.5203  Christina  74601  0.3801
41  Richard  94805  0.4618  Allison  74398  0.3791
42  Patrick  92874  0.4523  Abigail  72691  0.3704
43  Charles  92372  0.4499  Sara  72064  0.3672
44  Sean  91953  0.4479  Shelby  71974  0.3667
45  Jason  91622  0.4462  Heather  71603  0.3648
46  Cameron  81097  0.3950  Haley  71168  0.3626
47  Jeremy  77749  0.3787  Maria  70741  0.3604
48  Mark  75751  0.3689  Kaitlyn  67544  0.3441
49  Stephen  75064  0.3656  Laura  67109  0.3419
50  Jesse  73701  0.3590  Erin  65312  0.3328
51  Juan  70809  0.3449  Andrea  65183  0.3321
52  Alex  70772  0.3447  Natalie  63348  0.3228
53  Travis  68176  0.3321  Jordan  61736  0.3145
54  Jeffrey  66961  0.3261  Brooke  60614  0.3088
55  Ethan  66878  0.3257  Julia  59899  0.3052
56  Caleb  66212  0.3225  Emma  57961  0.2953
57  Luis  64656  0.3149  Vanessa  57868  0.2948
58  Jared  63748  0.3105  Erica  55740  0.2840
59  Logan  63541  0.3095  Sydney  55737  0.2840
60  Hunter  60499  0.2947  Kelly  55710  0.2838
61  Trevor  59912  0.2918  Kristen  53066  0.2704
62  Bryan  59704  0.2908  Katelyn  52795  0.2690
63  Evan  59366  0.2891  Marissa  51191  0.2608
64  Paul  58833  0.2865  Amy  51141  0.2606
65  Taylor  58384  0.2844  Crystal  51055  0.2601
66  Kenneth  58223  0.2836  Paige  50539  0.2575
67  Connor  57363  0.2794  Cassandra  50342  0.2565
68  Dustin  56742  0.2764  Gabrielle  49787  0.2537
69  Noah  56093  0.2732  Katie  49168  0.2505
70  Carlos  55095  0.2683  Caitlin  49011  0.2497